x<-c(1,2,3,4,5,6)
y<-c(9,5,6,4,3,2)
m=x+y
m
